560734559975
549724367159
551078442907
548380875678
547316356177
563146870502
557266664952
546603177326
556584196136
546202817226
529058554339
541786219450
20201622423
558884189926
43448003366
528989787954
526945890628
556196525667
561737055846
560884655029
548519225616
531125275296
556588556661
558366035242
528754947994
555944007766
36150091939
560801413654
36589584338
564333118607
560508968944
547416061912
525751414595
562277053264
560282892865
525596083676
549823127904
533060108962
530738234731
560283404399
14365652310
536454208173
554671065906
560601761588
